GloVe100
MFH
2,4,6,8,10
100,200,500,1000,2000,5000,10000,20000,50000,100000
FH
2,4,6,8,10
1000,2000,5000,10000,20000,50000,100000,200000,400000
EH
10000,50000,100000,300000,500000,800000,1000000
BH
10000,50000,100000,300000,500000,800000,1000000
MH
10000,50000,100000,300000,500000,800000,1000000
Random_Scan
50000,100000,300000,500000,600000,800000,1000000,1200000
Sorted_Scan
1100000,1120000,1150000,1180000,1181000,1182000,1200000
NH_LCCS
1000,5000,10000,50000,100000,200000,400000,600000,800000

Msong
MFH
2,4,6,8,10
10,20,50,100,200,500,1000,2000,5000
FH
2,4,6,8,10
10,20,50,100,200,500,1000,5000,10000,50000
EH
5000,10000,50000,100000,200000,400000,600000,800000
BH
5000,10000,50000,100000,200000,400000,600000,800000
MH
5000,10000,50000,100000,200000,400000,600000,800000
Random_Scan
50000,100000,300000,500000,600000,800000,1000000
Sorted_Scan
10,50,100,200,300,500,1000,5000,10000,50000,100000
NH_LCCS
10,20,50,100,200,500,1000,2000,5000,10000,20000,50000,100000

Music
MFH
2,4,6,8,10
1000,2000,5000,10000,20000,50000,100000
FH
2,4,6,8,10
1000,5000,10000,20000,30000,50000,100000,200000,300000
EH
10000,50000,100000,200000,400000,600000,800000
BH
10000,50000,100000,200000,400000,600000,800000
MH
10000,50000,100000,200000,400000,600000,800000
Random_Scan
50000,100000,200000,400000,600000,800000,1000000
Sorted_Scan
950000,970000,980000,990000,995000,998000,1000000
NH_LCCS
1000,5000,10000,20000,50000,100000,200000,400000,600000,800000

Tiny1M
MFH
2,4,6,8,10
200,500,1000,2000,5000,10000,20000,50000
FH
2,4,6,8,10
200,500,1000,2000,5000,10000,20000,50000,100000
EH
10000,50000,100000,300000,500000,700000,900000
BH
10000,50000,100000,300000,500000,700000,900000
MH
10000,50000,100000,300000,500000,700000,900000
Random_Scan
50000,100000,300000,500000,600000,800000,1000000
Sorted_Scan
1000,5000,10000,50000,100000,500000,1000000
NH_LCCS
1000,5000,10000,50000,100000,200000,400000,600000,800000

Yelp
MFH
2,4,6,8,10
200,500,1000,2000,5000,10000,20000,30000
FH
2,4,6,8,10
1000,2000,5000,10000,20000,40000,60000
EH
5000,10000,20000,30000,40000,50000,60000
BH
5000,10000,20000,30000,40000,50000,60000
MH
5000,10000,20000,30000,40000,50000,60000
Random_Scan
5000,10000,20000,30000,40000,60000,75000,78000
Sorted_Scan
50000,55000,60000,65000,70000,75000,78000
NH_LCCS
200,500,1000,2000,5000,10000,20000,30000,60000
